Date,Open,High,Low,Close,Volume
2023-07-10 00:00:00-04:00,741.2316036490467,752.4632697282615,740.4444208422972,752.0888671875,313400
2023-07-11 00:00:00-04:00,753.3463957892111,757.2630915065555,749.218534703708,755.6215209960938,341100
2023-07-12 00:00:00-04:00,762.6773670492827,764.6069171870795,749.1514151086058,759.2214965820312,499000
2023-07-13 00:00:00-04:00,759.4230933484258,770.4051582804029,752.751286613543,769.3587646484375,362800
2023-07-14 00:00:00-04:00,768.0147554160935,774.4561783770722,766.6132360256553,773.4769897460938,333800
2023-07-17 00:00:00-04:00,771.9889724853791,779.4863388029753,770.2994152433391,775.2432861328125,358000
2023-07-18 00:00:00-04:00,772.6129334773988,773.9568567779346,760.3540936713514,764.1267700195312,469000
2023-07-19 00:00:00-04:00,770.3858470470103,783.5470035949543,770.3858470470103,780.1967163085938,363200
2023-07-20 00:00:00-04:00,773.8609377832584,779.48635022553,764.0980552898355,778.0656127929688,358400
2023-07-21 00:00:00-04:00,777.7584566271265,781.9919005061205,773.8513698877114,774.8113403320312,312000
2023-07-24 00:00:00-04:00,773.9857798834112,786.7437659964979,771.0770413127196,786.311767578125,329500
2023-07-25 00:00:00-04:00,783.8062664983439,786.8685745898387,779.9759937621495,783.7870483398438,297100
2023-07-26 00:00:00-04:00,785.4957584385306,785.4957584385306,774.5040859390592,780.4847412109375,259500
2023-07-27 00:00:00-04:00,787.1757598879567,788.7405163906993,762.9653335433416,764.2036743164062,416200
2023-07-28 00:00:00-04:00,776.1840881776147,782.3759092390615,765.1252685423048,765.4420166015625,394000
2023-07-31 00:00:00-04:00,766.4404475931427,778.5744298184434,763.4165171722798,777.499267578125,431900
2023-08-01 00:00:00-04:00,772.7185831693625,777.4992170555555,771.0962308348837,772.9297485351562,298900
2023-08-02 00:00:00-04:00,770.0882899046942,779.9855826845526,766.7283934030087,773.3809814453125,386100
2023-08-03 00:00:00-04:00,721.9073361695082,737.8716483056974,710.6276841837116,729.0206909179688,910900
2023-08-04 00:00:00-04:00,727.6576722466572,743.4299812512596,722.7042500207932,727.54248046875,418700
2023-08-07 00:00:00-04:00,728.099236142559,746.6266548100228,727.6672377053281,743.2763671875,296600
2023-08-08 00:00:00-04:00,741.5100119267541,745.2539203420246,735.2990308686252,743.487548828125,270400
2023-08-09 00:00:00-04:00,743.3723570546043,745.3595030357602,736.2590013759304,743.487548828125,260700
2023-08-10 00:00:00-04:00,748.9496410570584,755.6502151755082,741.1259180642072,743.1034545898438,227400
2023-08-11 00:00:00-04:00,736.076551762941,744.6202535090873,731.2094946094737,743.1802978515625,252800
2023-08-14 00:00:00-04:00,738.5148670141581,748.5753386143604,736.6045351869847,739.3500366210938,406900
2023-08-15 00:00:00-04:00,734.377342893225,738.668382380508,729.2702934253396,729.7598876953125,344300
2023-08-16 00:00:00-04:00,729.7599095483769,732.678198506583,723.0977125480993,723.5776977539062,290600
2023-08-17 00:00:00-04:00,725.3632925059071,730.1247672597294,723.2129679693257,723.6641845703125,295100
2023-08-18 00:00:00-04:00,715.0435922455958,725.8528691430961,715.0435922455958,719.757080078125,289600
2023-08-21 00:00:00-04:00,719.3442342058501,722.2241453613685,708.9861162509923,715.8883056640625,266500
2023-08-22 00:00:00-04:00,721.0381382597095,729.8140335254648,717.8363888852787,726.0432739257812,222100
2023-08-23 00:00:00-04:00,732.4370437296761,737.1625298350712,730.5661439531386,733.1121215820312,311300
2023-08-24 00:00:00-04:00,743.951772713464,756.8455306215551,734.8769813927663,737.9050903320312,471000
2023-08-25 00:00:00-04:00,735.5907048608744,747.4429172004232,735.5907048608744,743.4600219726562,243400
2023-08-28 00:00:00-04:00,748.8605142451145,758.7164514055397,747.4235971984583,750.7603149414062,411000
2023-08-29 00:00:00-04:00,750.326423567665,763.2491430657234,748.0890542198258,762.429443359375,387100
2023-08-30 00:00:00-04:00,765.9011263897231,770.0479495478751,761.2239058847896,764.3098754882812,330900
2023-08-31 00:00:00-04:00,760.490912105506,763.7890757241178,752.438302568779,753.54736328125,545900
2023-09-01 00:00:00-04:00,760.2885152317847,763.4517109640971,748.1952070966479,749.8250122070312,234800
2023-09-05 00:00:00-04:00,741.6758643004994,743.7878592269449,734.9830635672007,741.1840209960938,426700
2023-09-06 00:00:00-04:00,738.8599910902785,743.2189500248636,734.7420683698198,740.5572509765625,389000
2023-09-07 00:00:00-04:00,739.1491522747488,750.5673798951589,739.1491522747488,747.9249877929688,363200
2023-09-08 00:00:00-04:00,747.3946780799813,751.2039917598344,741.6277031414446,743.9614868164062,251400
2023-09-11 00:00:00-04:00,747.7032761656369,749.4294955623585,743.1996370378242,747.0281982421875,283300
2023-09-12 00:00:00-04:00,741.820516970402,749.7477529053077,741.2419123887724,745.5623168945312,315300
2023-09-13 00:00:00-04:00,745.7551691277689,746.4302470148591,737.7508255379421,741.5408325195312,229200
2023-09-14 00:00:00-04:00,749.3234358477708,758.4271875386407,744.5593951753243,754.3092651367188,260700
2023-09-15 00:00:00-04:00,750.3842064683597,754.183866792538,743.8264329121031,748.5711669921875,601100
2023-09-18 00:00:00-04:00,744.7522428300805,749.4005623335839,739.4384986518596,742.0615844726562,260500
2023-09-19 00:00:00-04:00,739.9786140084727,743.3924989345508,727.5284907665332,729.3029174804688,322000
2023-09-20 00:00:00-04:00,734.8866494185103,740.4510829755326,729.2931973419596,730.7205200195312,355400
2023-09-21 00:00:00-04:00,725.2139498085677,725.2139498085677,706.9389322532729,707.382568359375,306800
2023-09-22 00:00:00-04:00,708.8194382190286,716.8141287879944,704.6244079454358,705.8394775390625,419200
2023-09-25 00:00:00-04:00,705.3958624717403,711.5196527928335,701.7504773031872,707.2281494140625,376100
2023-09-26 00:00:00-04:00,703.795031906631,704.5376235246055,683.4948396918353,685.7033081054688,385200
2023-09-27 00:00:00-04:00,689.5318350443491,692.7817915719642,675.3168804781332,681.9132080078125,430000
2023-09-28 00:00:00-04:00,685.0088571083297,697.7965472239356,682.2314375872437,695.2891235351562,472000
2023-09-29 00:00:00-04:00,706.8713535167162,709.2340966898778,696.2439241388357,700.3907470703125,494500
2023-10-02 00:00:00-04:00,697.1600236260259,704.6918301921802,679.8880011551358,687.29443359375,368100
2023-10-03 00:00:00-04:00,684.0638854814064,691.1135030251651,673.3110217365607,676.2041625976562,341700
2023-10-04 00:00:00-04:00,682.8969039145096,692.5792599523561,676.8213204142787,690.4287109375,371000
2023-10-05 00:00:00-04:00,694.266863637805,696.1088626221785,684.8834639416044,695.3084106445312,234800
2023-10-06 00:00:00-04:00,688.5481683807689,702.9753176146252,683.070495812474,697.8833618164062,284000
2023-10-09 00:00:00-04:00,695.0288466707859,706.3024539648222,694.1512276953092,705.3380737304688,180400
2023-10-10 00:00:00-04:00,705.0390322056373,719.1479180219956,701.3454398775315,712.474365234375,267400
2023-10-11 00:00:00-04:00,719.311905149893,728.8592926327209,717.7496139415897,727.5863037109375,445300
2023-10-12 00:00:00-04:00,727.5862780779308,730.373292011164,713.0434087565546,716.8527221679688,270900
2023-10-13 00:00:00-04:00,719.485419339928,722.5424877940438,712.9372996118914,716.187255859375,263800
2023-10-16 00:00:00-04:00,721.8288629706495,726.8243449037942,715.8690009223551,724.6448364257812,292000
2023-10-17 00:00:00-04:00,713.2748934726027,723.227304404452,709.494539492025,716.4573364257812,311200
2023-10-18 00:00:00-04:00,709.7838967549596,713.3424623961236,702.4642244207893,706.8232421875,277300
2023-10-19 00:00:00-04:00,702.3676689168517,710.6709674587596,678.5378154341354,678.7403564453125,409600
2023-10-20 00:00:00-04:00,681.1031182871875,693.4086181322464,679.7240617681505,680.4859008789062,434000
2023-10-23 00:00:00-04:00,675.9147621132341,685.4042297971508,672.52012516037,674.5357055664062,376800
2023-10-24 00:00:00-04:00,675.9437180008521,686.3301118657225,675.181878812652,679.068359375,450700
2023-10-25 00:00:00-04:00,672.1344274767298,675.47114520874,653.6568703747471,657.938720703125,610400
2023-10-26 00:00:00-04:00,671.7004213115501,701.6155121158366,661.3526412359281,693.8811645507812,671000
2023-10-27 00:00:00-04:00,700.9790263186121,700.9790263186121,682.4147075996123,685.0860595703125,338500
2023-10-30 00:00:00-04:00,691.4508816956561,699.6095585695767,682.646086632837,689.8500366210938,608100
2023-10-31 00:00:00-04:00,695.7328079100732,704.1614815285834,686.2143799452608,703.650390625,372700
2023-11-01 00:00:00-04:00,703.8142770404583,714.5478328512288,703.4189070766464,712.8023071289062,345800
2023-11-02 00:00:00-04:00,718.4632918549548,742.3027435676062,718.4632918549548,736.00537109375,476500
2023-11-03 00:00:00-04:00,747.0088509272578,755.6979256161276,739.4866974259429,743.3056640625,387200
2023-11-06 00:00:00-05:00,740.5571621857525,743.3828479264107,727.8659448462422,734.587646484375,407300
2023-11-07 00:00:00-05:00,736.960045608881,736.960045608881,728.3770972452763,731.0001831054688,343200
2023-11-08 00:00:00-05:00,736.3620840497291,737.7411405617006,726.4868410121909,732.8710327148438,313600
2023-11-09 00:00:00-05:00,734.9058648116512,737.962933336478,727.673013851243,730.04541015625,333100
2023-11-10 00:00:00-05:00,736.072828486689,740.6825351573691,727.3741003934786,739.9400024414062,274600
2023-11-13 00:00:00-05:00,733.4207568731425,738.3390720908811,729.0038793075727,735.37841796875,275200
2023-11-14 00:00:00-05:00,756.4423733662072,763.832228739905,752.5534742580905,762.290283203125,494300
2023-11-15 00:00:00-05:00,762.096372318472,762.096372318472,753.6978885637603,757.4122314453125,376500
2023-11-16 00:00:00-05:00,759.4487379127143,761.2913776627454,751.9037407711393,756.8012084960938,408600
2023-11-17 00:00:00-05:00,762.8042991137222,762.8042991137222,749.9835981909678,751.2443237304688,357000
2023-11-20 00:00:00-05:00,748.8295275444963,761.2914078044597,747.7239436507043,760.6513671875,270700
2023-11-21 00:00:00-05:00,761.4175114339022,769.2340809766033,760.2537419910258,764.5111694335938,276800
2023-11-22 00:00:00-05:00,770.9894011585424,773.6175750174414,766.3731532607964,770.3590087890625,282000
2023-11-24 00:00:00-05:00,764.7342922687343,770.989501953125,764.7342922687343,770.989501953125,87800
2023-11-27 00:00:00-05:00,769.3116270969113,775.2952637841735,763.8419525356518,772.366455078125,234200
2023-11-28 00:00:00-05:00,770.3785280964057,775.0529621393201,767.6533977460019,772.8515014648438,301900
2023-11-29 00:00:00-05:00,775.8383810864788,786.5255737273118,772.0367895928509,783.8973999023438,437400
2023-11-30 00:00:00-05:00,784.5665850927468,791.5200202064608,780.4740659286649,790.3950805664062,608800
2023-12-01 00:00:00-05:00,791.8886287275546,799.9476485913484,785.1679349805016,799.5209350585938,376000
2023-12-04 00:00:00-05:00,793.023204718074,798.793514747893,790.5890614205796,797.4940185546875,479500
2023-12-05 00:00:00-05:00,795.2343346463456,797.6103515089479,788.4069782530534,796.6696166992188,382100
2023-12-06 00:00:00-05:00,798.0080136667208,799.0941827534352,783.3446718042991,783.8877563476562,343000
2023-12-07 00:00:00-05:00,784.7896394061061,790.3853929700964,779.6497216950847,785.64306640625,367200
2023-12-08 00:00:00-05:00,780.1152145130101,784.1108368901506,772.0853175297574,777.5549926757812,562900
2023-12-11 00:00:00-05:00,770.8535772985138,776.2359440335567,762.8721591841941,773.103515625,444800
2023-12-12 00:00:00-05:00,773.1036752420086,782.6271000933704,766.3150882523511,778.6121215820312,382800
2023-12-13 00:00:00-05:00,780.2606740436931,786.1570624387341,772.240425667701,785.1581420898438,778500
2023-12-14 00:00:00-05:00,794.1676239965853,794.1676239965853,775.4698897179236,780.9686279296875,646400
2023-12-15 00:00:00-05:00,776.3038451347584,785.3520765943101,771.3094212004995,779.4556884765625,1090900
2023-12-18 00:00:00-05:00,786.9232437383469,788.3294627833867,772.1629454705809,781.4050903320312,510100
2023-12-19 00:00:00-05:00,781.502081736879,786.1376856069749,779.3588067508315,785.0418090820312,429900
2023-12-20 00:00:00-05:00,789.3574146331384,789.3574146331384,769.9323315884634,770.4366455078125,381500
2023-12-21 00:00:00-05:00,774.480559985699,777.6809403294513,767.9538392225209,777.3899536132812,457900
2023-12-22 00:00:00-05:00,781.1528928686772,785.6915405147221,771.1542776160949,775.528076171875,220100
2023-12-26 00:00:00-05:00,773.4430428522462,781.3468611955793,773.4430428522462,779.8533935546875,166400
2023-12-27 00:00:00-05:00,777.7682358375897,783.4706524264614,777.7682358375897,782.5008544921875,231600
2023-12-28 00:00:00-05:00,785.0320549500884,790.0071233547774,783.3834457269189,789.5028686523438,219600
2023-12-29 00:00:00-05:00,774.5582470091816,786.3995017066977,774.5582470091816,781.0656127929688,312900
2024-01-02 00:00:00-05:00,778.4956647732145,788.1451670552084,775.8869056926401,786.0018920898438,309900
2024-01-03 00:00:00-05:00,780.5321713278196,783.6258290101542,769.1370459524898,772.4440307617188,304100
2024-01-04 00:00:00-05:00,771.978630812355,776.9245769863305,766.9647324828981,770.873046875,376100
2024-01-05 00:00:00-05:00,770.6015095916646,774.7522736724668,762.7655839378976,764.5791015625,347500
2024-01-08 00:00:00-05:00,765.034884243985,780.3868041243067,763.2698446698375,779.0,374500
2024-01-09 00:00:00-05:00,774.1025700481753,779.2230732849905,770.0972991218649,774.5680541992188,325000
2024-01-10 00:00:00-05:00,779.7079433245162,783.9459561686402,772.9581866184468,780.0958862304688,222300
2024-01-11 00:00:00-05:00,777.1768032956245,782.9664695195798,775.5281346932461,776.8470458984375,195100
2024-01-12 00:00:00-05:00,785.1193742161911,791.1611968167723,782.6754643140358,790.40478515625,283700
2024-01-16 00:00:00-05:00,794.8464655723184,801.0531968273522,790.4048330796595,794.3809814453125,323200
2024-01-17 00:00:00-05:00,784.0525323232265,788.8724589888233,766.9453412069889,774.7327880859375,366500
2024-01-18 00:00:00-05:00,778.0009699267579,778.0106773766845,764.0456227808032,769.7673950195312,607000
2024-01-19 00:00:00-05:00,770.2621066226822,781.783312272947,766.1404648812324,778.4472045898438,516200
2024-01-22 00:00:00-05:00,780.144301031314,791.6073204288473,778.0107336051468,778.0398559570312,408700
2024-01-23 00:00:00-05:00,785.2357341532219,787.8929711658745,772.618652876625,774.8685913085938,263000
2024-01-24 00:00:00-05:00,785.1388108965598,785.1388108965598,770.019633607913,771.2027587890625,464600
2024-01-25 00:00:00-05:00,781.5602013420076,798.9195493487334,778.6798706148173,790.6859741210938,572200
2024-01-26 00:00:00-05:00,795.8356222052629,795.8356222052629,782.4621292257008,786.4867553710938,411600
2024-01-29 00:00:00-05:00,785.478221013773,807.4150477792518,785.478221013773,806.6392211914062,524600
2024-01-30 00:00:00-05:00,804.4475418442701,821.0796033059479,802.1976030992085,816.1627197265625,689000
2024-01-31 00:00:00-05:00,819.8770093574335,821.2735210294406,804.1081415170694,804.7094116210938,540600
2024-02-01 00:00:00-05:00,801.5671763107182,822.3790036886581,799.8796780549796,820.7691650390625,535500
2024-02-02 00:00:00-05:00,819.9157848502606,821.2541109136013,803.8947018954594,817.9955444335938,457800
2024-02-05 00:00:00-05:00,809.0927755914573,817.0451312605953,805.5821114649169,811.1487426757812,372100
2024-02-06 00:00:00-05:00,817.1906703450558,820.47830005036,810.1596342477806,812.7005004882812,499800
2024-02-07 00:00:00-05:00,818.2283545582758,823.0869931893167,809.7232065054875,821.1571044921875,351000
2024-02-08 00:00:00-05:00,814.8825118984821,833.7547439051195,814.8825118984821,829.4973754882812,403900
2024-02-09 00:00:00-05:00,830.4186205181047,830.9422901042623,819.382315065513,829.914306640625,394200
2024-02-12 00:00:00-05:00,832.5328879982256,832.6492590334525,819.9060979501154,824.3089599609375,434400
2024-02-13 00:00:00-05:00,812.2542220889931,812.2542220889931,801.2663952706602,807.5313110351562,448700
2024-02-14 00:00:00-05:00,807.5314532533038,814.581904193508,800.2191970834962,807.6575317382812,574600
2024-02-15 00:00:00-05:00,813.6605227383641,855.1678653376758,813.3307653736849,848.5441284179688,768800
2024-02-16 00:00:00-05:00,837.4109831976542,847.6035710803002,824.5805727964698,830.3702392578125,842100
2024-02-20 00:00:00-05:00,829.2936988906065,837.6145826842384,823.2227536627206,828.9251708984375,568000
2024-02-21 00:00:00-05:00,825.5697276949869,840.1263469737969,820.6916150011548,838.6134643554688,448700
2024-02-22 00:00:00-05:00,842.1338242311823,856.7486880125876,842.1338242311823,854.217529296875,516200
2024-02-23 00:00:00-05:00,858.7756154929505,859.2410996303882,852.4525130644596,855.6431274414062,309700
2024-02-26 00:00:00-05:00,857.2141439944667,864.9434650132514,851.1141357421875,851.1141357421875,380300
2024-02-27 00:00:00-05:00,859.8946235870551,859.8946235870551,847.3134880553995,850.81201171875,363200
2024-02-28 00:00:00-05:00,850.9289557488961,870.6339511438598,848.7460216257236,869.1526489257812,437200
2024-02-29 00:00:00-05:00,872.7291613297062,875.0680533339129,863.5296106499181,866.1803588867188,704000
2024-03-01 00:00:00-05:00,862.3602181669297,877.7967149504011,859.5730216950442,877.5921020507812,497000
2024-03-04 00:00:00-05:00,871.7156356581975,891.6252433181874,866.2387909226189,890.3875732421875,578700
2024-03-05 00:00:00-05:00,885.9535562081047,891.5668496686044,868.2659003032247,872.7389526367188,449700
2024-03-06 00:00:00-05:00,877.5920328483543,885.5148935149534,872.2808415096808,883.54638671875,302100
2024-03-07 00:00:00-05:00,886.8208454533874,889.734675857284,875.5942592332307,882.981201171875,347200
2024-03-08 00:00:00-05:00,888.7699016798115,890.3194280087624,882.3867525495914,886.9182739257812,408700
2024-03-11 00:00:00-04:00,882.2502687974475,883.9167337090182,861.2687040988068,870.799560546875,359100
2024-03-12 00:00:00-04:00,870.7996829951825,877.4654840982922,865.585979318882,870.0687866210938,383000
2024-03-13 00:00:00-04:00,860.9958551439203,862.8571782462153,843.5323225916912,845.1402587890625,810500
2024-03-14 00:00:00-04:00,843.7174552161887,848.4536488712062,828.3686332197309,842.6941528320312,691000
2024-03-15 00:00:00-04:00,839.0592256398984,843.2009714783127,826.5560091955115,828.729248046875,1090300
2024-03-18 00:00:00-04:00,838.1918670600819,840.0434948432332,831.4189421512516,838.7279052734375,464600
2024-03-19 00:00:00-04:00,837.1881685650864,837.1881685650864,819.57843221212,823.0672607421875,867200
2024-03-20 00:00:00-04:00,780.5972155484855,816.0992765287184,776.6016730688356,803.8689575195312,2372300
2024-03-21 00:00:00-04:00,803.9858707120142,803.9858707120142,784.3296509880524,790.9661865234375,1301600
2024-03-22 00:00:00-04:00,786.6490389044332,789.095055062282,778.5799157379868,780.5679321289062,1087500
2024-03-25 00:00:00-04:00,765.1606778599904,785.9960994152501,765.1606778599904,772.333251953125,1323500
2024-03-26 00:00:00-04:00,772.138323122123,785.0313143878337,772.138323122123,779.69091796875,930700
2024-03-27 00:00:00-04:00,788.490882006177,796.1507202153985,780.2951245689363,794.542724609375,945100
2024-03-28 00:00:00-04:00,798.0121417143954,806.3541032290872,792.2916642231553,804.3076171875,789200
2024-04-01 00:00:00-04:00,804.9604720591266,805.7985522220293,777.3033508393819,779.6714477539062,674300
2024-04-02 00:00:00-04:00,773.7658158129384,777.5859505901469,768.5618673246865,772.4794311523438,551500
2024-04-03 00:00:00-04:00,770.4134875845007,777.7614704829398,765.2777628775333,768.8152465820312,442600
2024-04-04 00:00:00-04:00,768.8151635291896,775.4127397421857,758.816552243322,761.1456298828125,469400
2024-04-05 00:00:00-04:00,761.6816309608869,769.789654401841,760.2003288512465,764.4297485351562,446500
2024-04-08 00:00:00-04:00,763.3188017665192,769.6142165268365,762.081131789831,768.1134643554688,607700
2024-04-09 00:00:00-04:00,773.775600197326,781.4938489754855,766.1060659462532,780.8311767578125,578500
2024-04-10 00:00:00-04:00,762.7243703154019,766.8271562866928,752.4723720083472,756.2047729492188,758700
2024-04-11 00:00:00-04:00,759.5279335187345,760.1126267545037,750.5427509258004,754.1095581054688,532000
2024-04-12 00:00:00-04:00,745.6896618329869,751.2152214128813,739.9984490734419,744.5884399414062,498200
2024-04-15 00:00:00-04:00,741.7623129834024,749.2466839328331,722.0768274728226,725.1563110351562,574800
2024-04-16 00:00:00-04:00,726.5791977766661,728.5574596388956,714.5729999008161,723.236572265625,579900
2024-04-17 00:00:00-04:00,724.6105487622001,727.7583158055666,715.5474469280553,715.8495483398438,510800
2024-04-18 00:00:00-04:00,717.3600950335888,728.1286220893633,712.90649305339,721.0048217773438,483500
2024-04-19 00:00:00-04:00,724.8055197975852,729.307836385653,717.4868017715567,728.947265625,611900
2024-04-22 00:00:00-04:00,733.235200790433,736.63629543055,726.0236667513097,735.5155639648438,687400
2024-04-23 00:00:00-04:00,741.6941046576338,744.8710768156151,732.2509219126838,742.4932250976562,662900
2024-04-24 00:00:00-04:00,736.3439122996119,748.6814152092888,735.320609933612,737.5620727539062,776000
2024-04-25 00:00:00-04:00,724.6592424831165,727.3976647115269,716.2783226363023,719.54296875,812600
2024-04-26 00:00:00-04:00,716.9703337024845,724.9906836594189,711.8637547581601,712.9747314453125,779500
2024-04-29 00:00:00-04:00,720.1277781938269,720.1277781938269,700.8613325551482,707.8389892578125,1002900
2024-04-30 00:00:00-04:00,701.7383762180563,705.8216522982134,688.4847552474833,692.996826171875,1090500
2024-05-01 00:00:00-04:00,690.9893985181571,694.7998381381019,676.6930825434359,677.618896484375,943900
2024-05-02 00:00:00-04:00,685.8438198580585,686.9644917460303,675.4553145811728,680.9029541015625,1029600
2024-05-03 00:00:00-04:00,698.161914946714,711.6396603399138,680.2111171857705,682.3453369140625,762400
2024-05-06 00:00:00-04:00,690.9308832664855,690.9308832664855,670.5437657202197,676.0595703125,799000
2024-05-07 00:00:00-04:00,680.4254567794316,697.3822142842693,675.1629799272984,693.7374877929688,629200
2024-05-08 00:00:00-04:00,683.495186259761,685.2688349865807,666.7138366975668,675.0655517578125,876100
2024-05-09 00:00:00-04:00,758.1830740216916,779.622698222819,741.6453560862759,752.7549438476562,2353500
2024-05-10 00:00:00-04:00,741.17744550645,759.1575035389967,733.6930757157647,738.3805541992188,975400
2024-05-13 00:00:00-04:00,741.0899447397703,757.8810513127762,736.2075475682248,757.1014404296875,652000
2024-05-14 00:00:00-04:00,758.18303344461,776.2410717763867,753.3006370414112,769.7019653320312,905300
2024-05-15 00:00:00-04:00,779.9345807422454,791.8238391871946,776.1241413671031,789.05615234375,987000
2024-05-16 00:00:00-04:00,792.2720604931809,792.5839167113198,774.223835407136,779.1354370117188,609000
2024-05-17 00:00:00-04:00,780.4218048050861,785.5380786715655,776.3287738158045,779.45703125,543400
2024-05-20 00:00:00-04:00,774.993684817068,781.5327915807176,771.037102021365,775.02294921875,463800
2024-05-21 00:00:00-04:00,775.7382417145991,780.6273181283498,772.201261999744,776.2183227539062,539400
2024-05-22 00:00:00-04:00,776.8257293818501,781.2249171365319,762.8835262678607,765.6563110351562,426700
2024-05-23 00:00:00-04:00,768.7915144855198,772.4167000252625,751.7434367755612,752.0079956054688,491700
2024-05-24 00:00:00-04:00,754.7513459725425,758.9349515061144,749.8132334989474,750.62646484375,294600
2024-05-28 00:00:00-04:00,753.409067695505,760.1694906406392,749.1666180940343,753.1641235351562,516400
2024-05-29 00:00:00-04:00,749.979889952815,757.2106467408693,744.414765505248,744.64990234375,357200
2024-05-30 00:00:00-04:00,755.6429131767345,755.9368342034794,744.0325841141689,745.2474975585938,381600
2024-05-31 00:00:00-04:00,746.4428963117463,753.0074125254458,741.4264441140074,747.550048828125,1066500
2024-06-03 00:00:00-04:00,751.1556203523604,753.3699253858389,734.8913501466975,736.2630615234375,451600
2024-06-04 00:00:00-04:00,739.9665427987604,753.8402143115785,734.0290984091831,749.2156372070312,461900
2024-06-05 00:00:00-04:00,751.4789049303512,752.8211941955727,743.1311884948701,743.2683715820312,380400
2024-06-06 00:00:00-04:00,741.3774255516515,748.0203402764179,734.5091813223399,747.403076171875,603500
2024-06-07 00:00:00-04:00,734.8423416272767,741.7399481542009,731.8932041548528,738.1539916992188,378400
2024-06-10 00:00:00-04:00,733.2746892045711,750.5187958391967,732.5301091092465,747.1091918945312,406700
2024-06-11 00:00:00-04:00,744.4147747327113,750.5089571424488,740.9659415897355,744.9046630859375,364700
2024-06-12 00:00:00-04:00,758.9447991416979,762.0213122666595,744.0816036620963,746.0509643554688,447800
2024-06-13 00:00:00-04:00,747.5892441935769,758.8468690202295,746.7368432401787,751.0968017578125,366100
2024-06-14 00:00:00-04:00,752.7820093993822,755.4567805406984,746.2566633656194,750.763671875,275600
2024-06-17 00:00:00-04:00,749.5879525579728,754.0361172052352,744.630284895308,746.962158203125,285300
2024-06-18 00:00:00-04:00,752.7918504892159,759.2485454694846,747.6382154665285,758.1904296875,385300
2024-06-20 00:00:00-04:00,757.3673338970053,759.1407272027133,746.9229413486388,748.1574096679688,369600
2024-06-21 00:00:00-04:00,747.7655887064883,751.1948071533071,742.4356010713998,749.5291748046875,984800
2024-06-24 00:00:00-04:00,751.8413631306025,754.3593961878136,736.3903266958787,736.9879760742188,559000
2024-06-25 00:00:00-04:00,737.7816716115206,737.9776389141228,720.7041706942127,727.8369140625,662700
2024-06-26 00:00:00-04:00,722.1051822637202,731.3052991540256,721.0959836323564,726.8668823242188,654900
2024-06-27 00:00:00-04:00,729.522112216893,737.5170633402097,726.7493275629857,736.7528686523438,380100
2024-06-28 00:00:00-04:00,741.6419689485289,746.5408523423354,738.3499336600884,741.2990112304688,1146800
2024-07-01 00:00:00-04:00,741.0443517002583,746.7270447236322,735.8612945720541,744.3167724609375,387700
2024-07-02 00:00:00-04:00,746.1587321617668,751.6357101603465,737.9678134018396,741.08349609375,372100
2024-07-03 00:00:00-04:00,743.7877337658438,743.7877337658438,732.549663385916,733.852783203125,236200
2024-07-05 00:00:00-04:00,735.1950750626264,739.8293999535415,731.6286733406744,739.2317504882812,371400
2024-07-08 00:00:00-04:00,738.4478285092454,744.737977540962,734.9989957388202,741.6124877929688,292000
2024-07-09 00:00:00-04:00,743.7386818690691,754.2026892911679,736.3511276723482,751.3221435546875,338900
2024-07-10 00:00:00-04:00,755.133497792086,763.1774863285525,745.7962565879246,760.267578125,325600
2024-07-11 00:00:00-04:00,769.6243384143577,786.976143993429,768.6347544650797,781.665771484375,459300
2024-07-12 00:00:00-04:00,785.5947245661991,797.7733413235646,781.175922243448,788.5634765625,466200
2024-07-15 00:00:00-04:00,790.3074688013852,793.2271842009436,779.2556188360446,788.3870849609375,306600
2024-07-16 00:00:00-04:00,793.6191469919632,797.2638877033819,781.3229610573762,796.1861572265625,261200
2024-07-17 00:00:00-04:00,793.6190805649761,802.8387524601662,783.0080827805998,786.8978271484375,397100
2024-07-18 00:00:00-04:00,785.6241964397512,795.8922373939478,776.9041596563388,778.9910888671875,339500
2024-07-19 00:00:00-04:00,779.9120480703447,783.8213474727332,767.4688722190505,770.9078979492188,234300
2024-07-22 00:00:00-04:00,770.9078565849163,783.7918834121923,767.4786383737234,782.704345703125,266200
2024-07-23 00:00:00-04:00,789.9938740495687,796.4310135970969,784.085852147559,786.731201171875,243100
2024-07-24 00:00:00-04:00,785.7808835268028,790.7483583830522,774.0235635737833,778.0896606445312,353100
2024-07-25 00:00:00-04:00,781.17589129565,785.5261019034809,751.7532303379282,753.751953125,538000
2024-07-26 00:00:00-04:00,753.7520004473665,764.2062009501449,751.3613429398039,756.8088989257812,541000
2024-07-29 00:00:00-04:00,755.946697576387,767.2925284563617,752.5370938117534,760.8455810546875,399100
2024-07-30 00:00:00-04:00,760.8455931426938,768.4878395300948,752.5958899783984,753.2229614257812,665300
2024-07-31 00:00:00-04:00,762.5308296601941,783.3608918215631,754.9669224574726,774.2587280273438,718700
2024-08-01 00:00:00-04:00,776.473046693272,797.4010629749772,776.473046693272,794.7752685546875,622700
2024-08-02 00:00:00-04:00,794.3245526828971,798.469048867574,782.5280625180042,790.3369140625,379100
2024-08-05 00:00:00-04:00,784.614882717372,784.614882717372,748.6570701759033,752.7035522460938,675400
2024-08-06 00:00:00-04:00,751.9982040176908,775.2777071140466,748.0496753588038,768.7425537109375,410400
2024-08-07 00:00:00-04:00,768.0077587668169,783.8115619082549,763.3930487279235,764.5099487304688,695000
2024-08-08 00:00:00-04:00,760.0519630524561,796.3135080663403,756.3876077849459,793.109619140625,716700
2024-08-09 00:00:00-04:00,795.529673940572,806.6893444907579,788.1029500865304,802.3195190429688,365900
2024-08-12 00:00:00-04:00,798.5179558137644,803.416838978266,787.0350023805662,802.5252685546875,409000
2024-08-13 00:00:00-04:00,808.3157603329169,814.6548867428904,804.3868462812277,812.8619384765625,429200
2024-08-14 00:00:00-04:00,814.9292141704502,826.2162601143394,812.0486684785543,824.4722290039062,566500
2024-08-15 00:00:00-04:00,821.199834637672,822.0815977545489,810.4124840017149,813.2930297851562,553500
2024-08-16 00:00:00-04:00,809.0995863903995,814.8802928370894,804.3966701935254,811.9017333984375,371700
2024-08-19 00:00:00-04:00,804.3280733888663,817.7216040376206,804.1027438857453,813.5869750976562,304200
2024-08-20 00:00:00-04:00,816.712409005476,816.712409005476,808.1001939944518,813.057861328125,284100
2024-08-21 00:00:00-04:00,813.4714629544899,814.3578360498921,803.6329980987296,805.5829467773438,382700
2024-08-22 00:00:00-04:00,805.9769996801116,808.3996489063345,801.7816040520487,806.5285034179688,418300
2024-08-23 00:00:00-04:00,809.9457848764754,816.8100974469214,805.5534711716703,815.4017944335938,532500
2024-08-26 00:00:00-04:00,817.7949004159547,820.36529826879,803.7118106788372,806.4791870117188,284000
2024-08-27 00:00:00-04:00,803.0519517878759,808.2321793972524,801.2595497562677,805.5731201171875,257100
2024-08-28 00:00:00-04:00,805.0806669600606,806.0852151131055,798.0194363962358,801.3580322265625,218600
2024-08-29 00:00:00-04:00,800.4520321525852,810.8912305736777,797.714169483823,806.3215942382812,310400
2024-08-30 00:00:00-04:00,807.9367747822283,823.7925517045743,804.5981786618678,821.7047119140625,521000
2024-09-03 00:00:00-04:00,816.8888556985949,822.8175656457403,812.7821216538739,819.5282592773438,402400
2024-09-04 00:00:00-04:00,813.6586252448237,817.4108340182909,803.6231813962956,815.0374145507812,586300
2024-09-05 00:00:00-04:00,813.7078686075021,816.4653871566796,804.214070358037,809.276123046875,333700
2024-09-06 00:00:00-04:00,809.0693866969609,812.4965841981632,797.2611957834681,805.5535278320312,457700
2024-09-09 00:00:00-04:00,808.8822248540732,822.7289652231987,807.6413264816189,819.1835327148438,430100
2024-09-10 00:00:00-04:00,823.2213676161023,852.3231509077331,822.6698639163981,851.663330078125,598600
2024-09-11 00:00:00-04:00,841.5195472655624,856.0852565395086,834.1530203468573,854.5390625,656300
2024-09-12 00:00:00-04:00,861.4427371288356,861.4427371288356,842.4748562164722,855.6322021484375,344200
2024-09-13 00:00:00-04:00,856.7056604221517,862.3782441014748,856.7056604221517,858.3207397460938,282000
2024-09-16 00:00:00-04:00,858.1631929457182,867.3713511061429,858.1631929457182,863.2744750976562,249100
2024-09-17 00:00:00-04:00,863.9343128780114,868.5827527826775,848.649695716405,851.2201538085938,322200
2024-09-18 00:00:00-04:00,849.2209180774664,859.6306031650578,846.8868702313006,847.8914184570312,288300
2024-09-19 00:00:00-04:00,861.679071491547,866.1304728124865,855.5435251134192,857.7791137695312,597000
2024-09-20 00:00:00-04:00,852.6679057866154,873.0539491074513,849.8611574051573,863.89501953125,1240600
2024-09-23 00:00:00-04:00,870.4637700778749,877.0916726017092,862.9692102716217,868.5433349609375,452000
2024-09-24 00:00:00-04:00,868.54336869572,878.5394415455986,867.0858359865842,874.1175537109375,435000
2024-09-25 00:00:00-04:00,878.5492914037263,882.9219496003009,874.5410163810831,876.5106811523438,554100
2024-09-26 00:00:00-04:00,883.02034462999,883.02034462999,863.19566533907,865.6478881835938,579500
2024-09-27 00:00:00-04:00,872.7091771805348,876.116658509488,866.6032048252497,869.3016357421875,359000
2024-09-30 00:00:00-04:00,866.0713948321714,876.067467278831,866.0713948321714,874.166748046875,534600
2024-10-01 00:00:00-04:00,881.4052673482071,881.4052673482071,863.0775511175613,869.6069946289062,419900
2024-10-02 00:00:00-04:00,858.5669789459104,873.950055554865,858.5669789459104,873.15234375,255300
2024-10-03 00:00:00-04:00,871.4978634016448,871.4978634016448,860.7139366885575,862.9298095703125,209400
2024-10-04 00:00:00-04:00,870.5622004640775,870.5622004640775,854.1352045153321,863.5797729492188,236800
2024-10-07 00:00:00-04:00,855.3859459770326,859.4631661533781,850.9739164776406,856.81396484375,235000
2024-10-08 00:00:00-04:00,863.3827959787683,864.4562896617873,858.2222842102178,859.2760620117188,245000
2024-10-09 00:00:00-04:00,856.9222471737983,864.4562380585268,849.1519061625419,863.4615478515625,239200
2024-10-10 00:00:00-04:00,863.4616260108286,876.5007967859613,857.1291611752666,857.3359375,268500
2024-10-11 00:00:00-04:00,856.4397349377834,865.244138279746,851.1807039027692,858.3404541015625,425200
2024-10-14 00:00:00-04:00,854.7261531496151,860.3199936221952,850.2353200880004,852.884521484375,418500
2024-10-15 00:00:00-04:00,858.8920093242268,868.641873917356,855.317062980706,864.71240234375,558100
2024-10-16 00:00:00-04:00,865.3130902437476,869.409966276039,860.0442012285254,866.8494262695312,260500
2024-10-17 00:00:00-04:00,867.5486537016812,876.5008063631203,862.1320756848305,875.3682250976562,447400
2024-10-18 00:00:00-04:00,874.6788315121368,881.6514009191543,871.4386947742976,881.6218872070312,299400
2024-10-21 00:00:00-04:00,874.5114142740664,881.4643282873735,863.8161493382768,866.5933837890625,396300
2024-10-22 00:00:00-04:00,865.2933882614924,869.6463303862353,864.0919216557319,865.0471801757812,264200
2024-10-23 00:00:00-04:00,860.467649697211,878.3325220744015,859.7684572330902,877.6431274414062,400200
2024-10-24 00:00:00-04:00,876.7666811068126,883.1483752496912,874.4326333375416,882.1734008789062,425400
2024-10-25 00:00:00-04:00,903.4851733219833,928.716571962663,899.1518871713761,900.4617309570312,1032100
2024-10-28 00:00:00-04:00,913.4221004197982,915.0569556992558,898.4723533171201,898.7776489257812,447400
2024-10-29 00:00:00-04:00,898.167088958283,906.1934965272715,890.2293427475231,892.16943359375,534500
2024-10-30 00:00:00-04:00,899.5458822334075,903.6821299685279,894.5921467171206,896.4140625,543000
2024-10-31 00:00:00-04:00,871.9311572816302,910.9699261653949,871.9311572816302,894.3065795898438,850700
2024-11-01 00:00:00-04:00,900.1367407391018,902.4117009945809,873.8220499936366,874.8265380859375,451000
2024-11-04 00:00:00-05:00,874.5310776739686,884.5665211611121,873.6939942672495,882.3309326171875,335800
2024-11-05 00:00:00-05:00,880.8340882940065,895.6656612559195,875.4175103049901,895.2027587890625,437500
2024-11-06 00:00:00-05:00,881.4249415646725,882.3014567708074,856.3117169726064,877.308349609375,671700
2024-11-07 00:00:00-05:00,885.009729627797,895.6656225331711,877.672716828909,893.9716796875,366200
2024-11-08 00:00:00-05:00,902.2640189092306,913.7471982752473,898.9254827794138,907.0897216796875,535900
2024-11-11 00:00:00-05:00,907.089678276524,913.4713726441188,897.8420881205731,899.6443481445312,289800
2024-11-12 00:00:00-05:00,901.4761004227356,902.7760863017438,887.8460547387008,889.3233032226562,810100
2024-11-13 00:00:00-05:00,891.9257028342267,900.4452860460287,891.0648423922986,891.688232421875,364100
2024-11-14 00:00:00-05:00,896.0222334673708,896.4080926837596,884.5538984447901,888.6900024414062,414200
2024-11-15 00:00:00-05:00,880.1407041448488,894.1322528278621,876.677453108121,887.9478759765625,368700
2024-11-18 00:00:00-05:00,881.6448384395057,900.8312652992828,881.6448384395057,899.9307861328125,480200
2024-11-19 00:00:00-05:00,901.4348334976808,918.2464350542681,895.5176406347093,913.308837890625,545000
2024-11-20 00:00:00-05:00,906.6791474845605,913.3681794314527,904.9178682882441,909.2914428710938,664100
2024-11-21 00:00:00-05:00,904.4032869639714,920.383741192228,904.1658165517088,913.9024658203125,508100
2024-11-22 00:00:00-05:00,918.9490012576155,927.4784895742573,913.021903733044,926.5384521484375,512800
2024-11-25 00:00:00-05:00,930.1303164983165,966.0986295796506,928.6955289312394,964.11962890625,1977300
2024-11-26 00:00:00-05:00,963.7733054268418,972.3720655676236,951.2660069685581,967.9885864257812,708100
2024-11-27 00:00:00-05:00,975.6473397186585,983.5930564746006,967.9589027153866,968.8197631835938,459600
2024-11-29 00:00:00-05:00,973.5100102805378,981.5150339570736,969.7400165201799,971.1747436523438,362800
2024-12-02 00:00:00-05:00,960.982932020098,962.872911488474,946.2690668101401,954.7095336914062,536100
2024-12-03 00:00:00-05:00,951.8102011791872,957.4404602675304,948.9208772312609,953.531982421875,386900
2024-12-04 00:00:00-05:00,953.5320026691306,959.3106506876868,948.9308020468432,955.5010986328125,319600
2024-12-05 00:00:00-05:00,946.1107343893342,965.7225771549016,943.7260048495898,963.5753784179688,384800
2024-12-06 00:00:00-05:00,971.5804445024901,976.3201291021243,960.9235071598499,974.6577758789062,541500
2024-12-09 00:00:00-05:00,975.4197798102069,979.4470534839419,951.9785140917711,958.8060302734375,476100
2024-12-10 00:00:00-05:00,963.308310601294,963.308310601294,941.2622136795369,951.6222534179688,469400
2024-12-11 00:00:00-05:00,955.3724691459632,965.6731409631806,952.037857879842,963.3478393554688,387800
2024-12-12 00:00:00-05:00,966.9594550148975,976.1420467961236,962.5166083271353,965.0596313476562,284500
2024-12-13 00:00:00-05:00,959.9637485988554,972.6589940749919,952.9283555046496,954.8677978515625,394500
2024-12-16 00:00:00-05:00,954.8678204463637,961.8141321036647,945.4675672917103,947.9215087890625,515200
2024-12-17 00:00:00-05:00,944.2505014482534,961.2303005773526,935.5231012698828,950.7515258789062,438700
2024-12-18 00:00:00-05:00,944.1614174009031,953.2252742422959,915.9210997315683,916.6533203125,650600
2024-12-19 00:00:00-05:00,915.2976822763071,929.1012235418304,910.7361003873912,911.893798828125,685300
2024-12-20 00:00:00-05:00,912.932758828464,926.6373137788157,909.6377059303411,917.4844360351562,1434600
2024-12-23 00:00:00-05:00,922.5408275654016,932.3764629200588,913.3186775625107,929.724609375,488700
2024-12-24 00:00:00-05:00,929.7246407666279,940.0352172851562,927.8544706500473,940.0352172851562,168400
2024-12-26 00:00:00-05:00,939.302955023895,942.2318372156258,933.0987689097387,938.4321899414062,234800
2024-12-27 00:00:00-05:00,930.0314198528112,940.1935475619852,929.6455002147349,932.7623901367188,289700
2024-12-30 00:00:00-05:00,928.0721233176596,929.1012423029198,919.433804849366,926.10302734375,298600
2024-12-31 00:00:00-05:00,936.7599841146376,939.2040209655815,925.034368847078,932.989990234375,516500
2025-01-02 00:00:00-05:00,929.1407896465116,943.7557285286841,929.1407896465116,934.3158569335938,440400
2025-01-03 00:00:00-05:00,940.0252750673505,953.7298299198211,938.2144726270786,949.8905639648438,284300
2025-01-06 00:00:00-05:00,942.6078947233631,954.6006338895952,929.3288172071879,930.1303100585938,402700
2025-01-07 00:00:00-05:00,934.048755749577,941.1830144956217,912.9327920773459,930.1995849609375,641400
2025-01-08 00:00:00-05:00,931.3078281255617,941.6382140987563,929.0022754212098,941.0543823242188,344400
2025-01-10 00:00:00-05:00,914.624837651899,924.6583248868416,889.3925797689914,890.382080078125,780900
2025-01-13 00:00:00-05:00,881.7734175111442,892.0642449095474,879.1908361924915,890.2039794921875,403400
2025-01-14 00:00:00-05:00,892.1334959054368,898.3970500629592,885.2565167536711,888.660400390625,797700
2025-01-15 00:00:00-05:00,910.8350322845259,918.6025855341187,883.7425090565118,890.5601806640625,552800
2025-01-16 00:00:00-05:00,895.468057355019,912.0026291072598,890.5403651880041,910.2314453125,514900
2025-01-17 00:00:00-05:00,922.3330324011729,922.3330324011729,905.3630777746897,905.9766235351562,623400
2025-01-21 00:00:00-05:00,913.9817081568583,925.2026690936445,913.9817081568583,924.193359375,665900
2025-01-22 00:00:00-05:00,930.140224883545,937.5021098338011,914.6149621228732,915.515380859375,375600
2025-01-23 00:00:00-05:00,922.600226043565,931.6442735432258,908.7768750455025,931.050537109375,497400
2025-01-24 00:00:00-05:00,930.1303233770266,939.6295025218773,925.8754839766103,930.9713745117188,364400
2025-01-27 00:00:00-05:00,897.8627270805432,899.2876099844449,848.8923649675751,890.6492309570312,976200
2025-01-28 00:00:00-05:00,890.4909557228445,901.2369151297091,876.9149793888386,897.288818359375,734100
2025-01-29 00:00:00-05:00,899.7229666314995,905.8677249071915,891.3023093262709,898.69384765625,344800
2025-01-30 00:00:00-05:00,911.4683413557548,926.8451546219702,905.7688098363571,912.4479370117188,401600
2025-01-31 00:00:00-05:00,914.1993674783155,929.5959900025458,903.3840758612597,904.0668334960938,652000
2025-02-03 00:00:00-05:00,901.5832092890241,908.1930639488327,891.4309266967281,905.3927612304688,393700
2025-02-04 00:00:00-05:00,896.5862095781007,917.5735329617427,895.6264232636223,914.5753784179688,311300
2025-02-05 00:00:00-05:00,925.1135304670003,927.2805385918571,914.4071297163529,926.6670532226562,326200
2025-02-06 00:00:00-05:00,932.0796237073422,934.1081477577152,922.046135971823,928.48779296875,241300
2025-02-07 00:00:00-05:00,932.2973344868566,933.0691133525848,919.1468966153276,923.4710083007812,357200
2025-02-10 00:00:00-05:00,926.0140253151801,933.7420205594486,918.3057790095942,933.2373657226562,373700
2025-02-11 00:00:00-05:00,921.234722555178,934.0289547227918,916.8116246238625,933.7321166992188,437800
2025-02-12 00:00:00-05:00,913.773796887721,932.0399938445548,913.773796887721,925.3806762695312,518400
2025-02-13 00:00:00-05:00,889.5608291047366,914.9118236521277,880.6553258100284,913.308837890625,930500
2025-02-14 00:00:00-05:00,913.3286153279571,943.3994845032483,911.6662620183164,923.7974853515625,523400
2025-02-18 00:00:00-05:00,910.4986324240969,929.2991394239167,897.8132908480529,922.1154174804688,512900
2025-02-19 00:00:00-05:00,921.2247912648779,929.8532050036773,914.9414884359925,929.219970703125,529100
2025-02-20 00:00:00-05:00,929.2199870708521,930.9218986496682,917.2965201698254,930.377685546875,275400
2025-02-21 00:00:00-05:00,925.202643699878,925.6281216063337,906.8770777507382,910.023681640625,664100
2025-02-24 00:00:00-05:00,908.4503780851225,910.340297128492,885.0684806218972,899.4656982421875,648500
2025-02-25 00:00:00-05:00,898.4662768062158,905.2641390690092,893.5088706158151,897.1403198242188,853300
2025-02-26 00:00:00-05:00,903.4663130318414,911.7914905403944,902.322446488051,905.4058837890625,664600
2025-02-27 00:00:00-05:00,910.4388346066721,914.9047831683482,902.1037004973116,905.50537109375,503700
2025-02-28 00:00:00-05:00,905.1273815902985,909.1059634873986,893.0026508305518,899.7761840820312,1214800
2025-03-03 00:00:00-05:00,907.1862966977295,916.6553409527662,898.9008829745723,905.7042846679688,547200
2025-03-04 00:00:00-05:00,904.858837614147,912.6966490656081,890.8840803831189,905.1671752929688,689600
2025-03-05 00:00:00-05:00,899.6468603499497,922.1159279517674,899.6468603499497,916.08837890625,486900
2025-03-06 00:00:00-05:00,905.2268552655105,909.6033197971889,865.64993223836,867.2314453125,893500
2025-03-07 00:00:00-05:00,868.4548353739042,870.6728754252654,841.9077443946043,854.917724609375,1003800
2025-03-10 00:00:00-04:00,851.7248614761204,854.6292092552613,817.6682102371265,826.182373046875,915000
2025-03-11 00:00:00-04:00,827.6246306034011,839.6598166659699,821.5771690676183,831.7623291015625,1092100
2025-03-12 00:00:00-04:00,842.3851299888909,851.883982148134,839.23212082661,850.4119262695312,717200
2025-03-13 00:00:00-04:00,844.7623593083216,847.2589292034028,824.8197293607413,829.484619140625,597300
2025-03-14 00:00:00-04:00,830.8970124201844,838.1479563120331,824.7700228080406,833.1946411132812,695300
2025-03-17 00:00:00-04:00,830.4892248330493,855.5144787898266,829.7531361713219,852.6598510742188,902500
2025-03-18 00:00:00-04:00,859.0753408823593,859.0753408823593,831.9612945110745,836.7554931640625,691900
2025-03-19 00:00:00-04:00,841.788356722663,859.095151378355,838.4164940283185,850.7501220703125,1079500
2025-03-20 00:00:00-04:00,847.7363352080904,851.1977427795407,841.5894333922802,847.159423828125,532800
2025-03-21 00:00:00-04:00,841.4700942809171,844.1059291432668,827.3262643893917,830.1212158203125,1624900
2025-03-24 00:00:00-04:00,842.8725143589302,853.7638946986648,839.2520508862245,847.8756103515625,745800
2025-03-25 00:00:00-04:00,843.6383915669384,852.7195096089181,833.5228640861255,836.7156372070312,581000
2025-03-26 00:00:00-04:00,842.5442935251637,846.8411691987418,821.4478414567997,826.60009765625,764100
2025-03-27 00:00:00-04:00,828.9872980210941,828.9872980210941,816.1165829173992,820.890869140625,799600
2025-03-28 00:00:00-04:00,819.0706373085715,821.5672071671501,793.0606945311351,798.7003173828125,896500
2025-03-31 00:00:00-04:00,802.6789261734717,815.5098775294708,790.8625326638415,810.9841918945312,1083800
2025-04-01 00:00:00-04:00,812.1081076229806,815.4501625146106,796.5419425631638,812.5756225585938,871800
2025-04-02 00:00:00-04:00,802.1516872158846,829.2956004096843,802.1516872158846,827.097412109375,431100
2025-04-03 00:00:00-04:00,806.2098874584545,809.7408667961278,784.7553770158758,797.148681640625,1222700
2025-04-04 00:00:00-04:00,786.436351249459,788.1670247298092,761.023170518335,762.1073608398438,820500
2025-04-07 00:00:00-04:00,746.6007899112906,775.9527879191052,722.042990431425,743.7362060546875,927900
2025-04-08 00:00:00-04:00,776.1318248664309,776.1318248664309,726.2801974436022,736.1072998046875,812900
2025-04-09 00:00:00-04:00,724.9175428524863,794.2940666935336,697.6542756159126,793.16015625,753200
2025-04-10 00:00:00-04:00,771.9045582759661,777.4148723051755,746.5709673851238,766.613037109375,696100
2025-04-11 00:00:00-04:00,752.0912536230102,779.2550194631687,745.6260579531018,772.6704711914062,513900
2025-04-14 00:00:00-04:00,778.7874804654895,789.1815376324112,771.6459333695027,779.6727294921875,621200
2025-04-15 00:00:00-04:00,784.198389496476,792.0362009069843,777.1264745489901,783.2733764648438,352500
2025-04-16 00:00:00-04:00,775.9925711798213,784.5664106264411,769.6467279641081,774.5105590820312,405400
2025-04-17 00:00:00-04:00,790.1562670497595,797.6658887812949,783.601587515775,785.9191284179688,479700
2025-04-21 00:00:00-04:00,779.5931368263759,780.3192692878756,754.9756618938505,769.0598754882812,493800
2025-04-22 00:00:00-04:00,778.0614107629318,792.1356682994424,778.0614107629318,786.8839111328125,556900
2025-04-23 00:00:00-04:00,801.0178418331874,821.607014907742,795.7760408550057,805.125732421875,640100
2025-04-24 00:00:00-04:00,805.2649452536084,818.9115126199288,798.1632227623854,812.8143310546875,490900
2025-04-25 00:00:00-04:00,822.5718250029312,839.8985325409326,820.5825340113885,833.6123657226562,605300
2025-04-28 00:00:00-04:00,830.1112098133726,842.2757041398826,828.997211775227,840.1571044921875,521000
2025-04-29 00:00:00-04:00,843.6583047168151,856.300209860918,837.9788571949833,847.08984375,696100
2025-04-30 00:00:00-04:00,835.5022191765902,859.5129760929293,835.0745288970129,856.14111328125,729100
2025-05-01 00:00:00-04:00,859.0753312207903,880.2612682471027,855.4647631960585,857.3545532226562,677300
2025-05-02 00:00:00-04:00,871.2497620898121,875.3079326368143,865.8189759270348,871.1602172851562,443300
2025-05-05 00:00:00-04:00,874.4027521667407,883.1954447085717,868.2658067021697,878.4808349609375,377600
2025-05-06 00:00:00-04:00,875.2880061993167,882.3201568977598,867.9674301720152,870.6927490234375,439200
2025-05-07 00:00:00-04:00,868.7532139432403,876.9192753735779,865.0432056456722,867.8082885742188,576800
2025-05-08 00:00:00-04:00,870.9712543056783,878.1526264045257,854.957485993283,856.3798217773438,496200
2025-05-09 00:00:00-04:00,845.4486340578129,864.3468976426345,832.8862571444984,859.7615966796875,226000
2025-05-12 00:00:00-04:00,879.0278982658156,879.0278982658156,857.3844029286666,865.8090209960938,507200
2025-05-13 00:00:00-04:00,867.6391719063962,869.6781829415646,857.7424375161805,864.1380004882812,774700
2025-05-14 00:00:00-04:00,861.7906863119301,867.967456671991,851.5657622229431,854.609375,590100
2025-05-15 00:00:00-04:00,853.5052394605531,864.1778264594744,853.5052394605531,862.5963134765625,429300
2025-05-16 00:00:00-04:00,864.7547065615834,871.7968136113043,856.6781900598827,871.2298583984375,589400
2025-05-19 00:00:00-04:00,858.4685857306009,876.252790889086,858.4685857306009,872.8710327148438,412300
2025-05-20 00:00:00-04:00,863.6804950813844,871.8564514881695,860.7760866759268,871.2000122070312,296300
2025-05-21 00:00:00-04:00,866.8699951171875,870.8800048828125,855.030029296875,859.1400146484375,793700
2025-05-22 00:00:00-04:00,863.4000244140625,870.25,858.1400146484375,866.5,413400
2025-05-23 00:00:00-04:00,864.9000244140625,867.2999877929688,857.5399780273438,863.4600219726562,441600
2025-05-27 00:00:00-04:00,871.0,883.2000122070312,867.989990234375,876.8099975585938,502000
2025-05-28 00:00:00-04:00,883.6699829101562,883.6699829101562,872.239990234375,880.6199951171875,373000
2025-05-29 00:00:00-04:00,880.6199951171875,896.1500244140625,872.0,887.4299926757812,290600
2025-05-30 00:00:00-04:00,877.8300170898438,894.47998046875,876.1799926757812,888.8200073242188,973100
2025-06-02 00:00:00-04:00,884.2000122070312,890.6400146484375,874.4000244140625,890.489990234375,338000
2025-06-03 00:00:00-04:00,887.0800170898438,896.8099975585938,881.6900024414062,894.8400268554688,535900
2025-06-04 00:00:00-04:00,895.8800048828125,913.9400024414062,890.0399780273438,912.2000122070312,573300
2025-06-05 00:00:00-04:00,915.4299926757812,924.8800048828125,906.0900268554688,909.739990234375,605900
2025-06-06 00:00:00-04:00,914.8200073242188,917.3900146484375,909.25,914.4299926757812,294200
2025-06-09 00:00:00-04:00,911.8900146484375,915.2899780273438,906.3099975585938,907.47998046875,336600
2025-06-10 00:00:00-04:00,907.8200073242188,911.3800048828125,895.5599975585938,907.3400268554688,439500
2025-06-11 00:00:00-04:00,905.989990234375,913.1500244140625,893.1300048828125,893.7000122070312,547400
2025-06-12 00:00:00-04:00,893.7000122070312,902.5,893.489990234375,896.4199829101562,493900
2025-06-13 00:00:00-04:00,892.5999755859375,894.3499755859375,883.3099975585938,892.6400146484375,502400
2025-06-16 00:00:00-04:00,894.0800170898438,900.6500244140625,886.8400268554688,888.1500244140625,543100
2025-06-17 00:00:00-04:00,890.3300170898438,898.7000122070312,883.4299926757812,886.760009765625,606700
2025-06-18 00:00:00-04:00,883.6599731445312,892.780029296875,882.0900268554688,886.8499755859375,550200
2025-06-20 00:00:00-04:00,890.3599853515625,894.6099853515625,882.02001953125,882.8800048828125,788100
2025-06-23 00:00:00-04:00,885.6400146484375,897.0399780273438,883.75,889.97998046875,693000
2025-06-24 00:00:00-04:00,896.5800170898438,910.5999755859375,886.0999755859375,906.5,436400
2025-06-25 00:00:00-04:00,904.4600219726562,905.3699951171875,818.239990234375,824.3099975585938,1352000
2025-06-26 00:00:00-04:00,791.0399780273438,794.5599975585938,710.52001953125,745.530029296875,4005300
2025-06-27 00:00:00-04:00,763.8499755859375,792.280029296875,754.010009765625,785.1099853515625,2193300
2025-06-30 00:00:00-04:00,792.6699829101562,796.4000244140625,776.4299926757812,795.469970703125,1066900
2025-07-01 00:00:00-04:00,797.25,800.530029296875,782.9000244140625,795.3800048828125,971300
2025-07-02 00:00:00-04:00,794.1199951171875,796.969970703125,784.9000244140625,795.1500244140625,631000
2025-07-03 00:00:00-04:00,797.6900024414062,797.6900024414062,782.7899780273438,787.0,539900
2025-07-07 00:00:00-04:00,789.1099853515625,794.1599731445312,772.5599975585938,777.1199951171875,700800
2025-07-08 00:00:00-04:00,777.3900146484375,781.9099731445312,761.27001953125,767.3900146484375,664500
